22222222222222222222222222222222222222222222222222
2222222222222222222222222222222222222222222222233
222222222222222222222222222222222222222222222235
22222222222222222222222222222222222222222222237
22222222222222222222222222222222222222222222255
222222222222222222222222222222222222222222223333
2222222222222222222222222222222222222222222257
22222222222222222222222222222222222222222223335
222222222222222222222222222222222222222222277
2222222222222222222222222222222222222222223337
2222222222222222222222222222222222222222223355
22222222222222222222222222222222222222222333333
222222222222222222222222222222222222222223357
222222222222222222222222222222222222222223555
2222222222222222222222222222222222222222333335
22222222222222222222222222222222222222223377
22222222222222222222222222222222222222223557
22222222222222222222222222222222222222225555
222222222222222222222222222222222222222333337
222222222222222222222222222222222222222333355
2222222222222222222222222222222222222223577
2222222222222222222222222222222222222225557
2222222222222222222222222222222222222233333333
22222222222222222222222222222222222222333357
22222222222222222222222222222222222222333555
222222222222222222222222222222222222223777
222222222222222222222222222222222222225577
222222222222222222222222222222222222233333335
2222222222222222222222222222222222222333377
2222222222222222222222222222222222222333557
2222222222222222222222222222222222222335555
22222222222222222222222222222222222225777
22222222222222222222222222222222222233333337
22222222222222222222222222222222222233333355
222222222222222222222222222222222222333577
222222222222222222222222222222222222335557
222222222222222222222222222222222222355555
2222222222222222222222222222222222227777
222222222222222222222222222222222223333333333
2222222222222222222222222222222222233333357
2222222222222222222222222222222222233333555
22222222222222222222222222222222222333777
22222222222222222222222222222222222335577
22222222222222222222222222222222222355557
22222222222222222222222222222222222555555
22222222222222222222222222222222223333333335
222222222222222222222222222222222233333377
222222222222222222222222222222222233333557
222222222222222222222222222222222233335555
2222222222222222222222222222222222335777
2222222222222222222222222222222222355577
2222222222222222222222222222222222555557
2222222222222222222222222222222223333333337
2222222222222222222222222222222223333333355
22222222222222222222222222222222233333577
22222222222222222222222222222222233335557
22222222222222222222222222222222233355555
222222222222222222222222222222222337777
222222222222222222222222222222222355777
222222222222222222222222222222222555577
22222222222222222222222222222222333333333333
222222222222222222222222222222223333333357
222222222222222222222222222222223333333555
2222222222222222222222222222222233333777
2222222222222222222222222222222233335577
2222222222222222222222222222222233355557
2222222222222222222222222222222233555555
22222222222222222222222222222222357777
22222222222222222222222222222222555777
2222222222222222222222222222222333333333335
22222222222222222222222222222223333333377
22222222222222222222222222222223333333557
22222222222222222222222222222223333335555
222222222222222222222222222222233335777
222222222222222222222222222222233355577
222222222222222222222222222222233555557
222222222222222222222222222222235555555
2222222222222222222222222222222377777
2222222222222222222222222222222557777
222222222222222222222222222222333333333337
222222222222222222222222222222333333333355
2222222222222222222222222222223333333577
2222222222222222222222222222223333335557
2222222222222222222222222222223333355555
22222222222222222222222222222233337777
22222222222222222222222222222233355777
22222222222222222222222222222233555577
22222222222222222222222222222235555557
22222222222222222222222222222255555555
222222222222222222222222222222577777
2222222222222222222222222222233333333333333
22222222222222222222222222222333333333357
22222222222222222222222222222333333333555
222222222222222222222222222223333333777
222222222222222222222222222223333335577
222222222222222222222222222223333355557
222222222222222222222222222223333555555
2222222222222222222222222222233357777
2222222222222222222222222222233555777
2222222222222222222222222222235555577
2222222222222222222222222222255555557
22222222222222222222222222222777777
222222222222222222222222222233333333333335
2222222222222222222222222222333333333377
2222222222222222222222222222333333333557
2222222222222222222222222222333333335555
22222222222222222222222222223333335777
22222222222222222222222222223333355577
22222222222222222222222222223333555557
22222222222222222222222222223335555555
222222222222222222222222222233377777
222222222222222222222222222233557777
222222222222222222222222222235555777
222222222222222222222222222255555577
22222222222222222222222222233333333333337
22222222222222222222222222233333333333355
222222222222222222222222222333333333577
222222222222222222222222222333333335557
222222222222222222222222222333333355555
2222222222222222222222222223333337777
2222222222222222222222222223333355777
2222222222222222222222222223333555577
2222222222222222222222222223335555557
2222222222222222222222222223355555555
22222222222222222222222222233577777
22222222222222222222222222235557777
22222222222222222222222222255555777
222222222222222222222222223333333333333333
2222222222222222222222222233333333333357
2222222222222222222222222233333333333555
22222222222222222222222222333333333777
22222222222222222222222222333333335577
22222222222222222222222222333333355557
22222222222222222222222222333333555555
222222222222222222222222223333357777
222222222222222222222222223333555777
222222222222222222222222223335555577
222222222222222222222222223355555557
2222222222222222222222222233777777
222222222222222222222222223555555555
2222222222222222222222222235577777
2222222222222222222222222255557777
22222222222222222222222223333333333333335
222222222222222222222222233333333333377
222222222222222222222222233333333333557
222222222222222222222222233333333335555
2222222222222222222222222333333335777
2222222222222222222222222333333355577
2222222222222222222222222333333555557
2222222222222222222222222333335555555
22222222222222222222222223333377777
22222222222222222222222223333557777
22222222222222222222222223335555777
22222222222222222222222223355555577
22222222222222222222222223555555557
222222222222222222222222235777777
22222222222222222222222225555555555
222222222222222222222222255577777
2222222222222222222222223333333333333337
2222222222222222222222223333333333333355
22222222222222222222222233333333333577
22222222222222222222222233333333335557
22222222222222222222222233333333355555
222222222222222222222222333333337777
222222222222222222222222333333355777
222222222222222222222222333333555577
222222222222222222222222333335555557
222222222222222222222222333355555555
2222222222222222222222223333577777
2222222222222222222222223335557777
2222222222222222222222223355555777
2222222222222222222222223555555577
22222222222222222222222237777777
2222222222222222222222225555555557
22222222222222222222222255777777
22222222222222222222222333333333333333333
222222222222222222222223333333333333357
222222222222222222222223333333333333555
2222222222222222222222233333333333777
2222222222222222222222233333333335577
2222222222222222222222233333333355557
2222222222222222222222233333333555555
22222222222222222222222333333357777
22222222222222222222222333333555777
22222222222222222222222333335555577
22222222222222222222222333355555557
222222222222222222222223333777777
22222222222222222222222333555555555
222222222222222222222223335577777
222222222222222222222223355557777
222222222222222222222223555555777
222222222222222222222225555555577
2222222222222222222222257777777
2222222222222222222222333333333333333335
22222222222222222222223333333333333377
22222222222222222222223333333333333557
22222222222222222222223333333333335555
222222222222222222222233333333335777
222222222222222222222233333333355577
222222222222222222222233333333555557
222222222222222222222233333335555555
2222222222222222222222333333377777
2222222222222222222222333333557777
2222222222222222222222333335555777
2222222222222222222222333355555577
2222222222222222222222333555555557
22222222222222222222223335777777
2222222222222222222222335555555555
22222222222222222222223355577777
22222222222222222222223555557777
22222222222222222222225555555777
222222222222222222222277777777
222222222222222222222333333333333333337
222222222222222222222333333333333333355
2222222222222222222223333333333333577
2222222222222222222223333333333335557
2222222222222222222223333333333355555
22222222222222222222233333333337777
22222222222222222222233333333355777
22222222222222222222233333333555577
22222222222222222222233333335555557
22222222222222222222233333355555555
222222222222222222222333333577777
222222222222222222222333335557777
222222222222222222222333355555777
222222222222222222222333555555577
2222222222222222222223337777777
222222222222222222222335555555557
2222222222222222222223355777777
222222222222222222222355555555555
2222222222222222222223555577777
2222222222222222222225555557777
2222222222222222222233333333333333333333
22222222222222222222333333333333333357
22222222222222222222333333333333333555
222222222222222222223333333333333777
222222222222222222223333333333335577
222222222222222222223333333333355557
222222222222222222223333333333555555
2222222222222222222233333333357777
2222222222222222222233333333555777
2222222222222222222233333335555577
2222222222222222222233333355555557
22222222222222222222333333777777
2222222222222222222233333555555555
22222222222222222222333335577777
22222222222222222222333355557777
22222222222222222222333555555777
22222222222222222222335555555577
222222222222222222223357777777
22222222222222222222355555555557
222222222222222222223555777777
22222222222222222222555555555555
222222222222222222225555577777
222222222222222222233333333333333333335
2222222222222222222333333333333333377
2222222222222222222333333333333333557
2222222222222222222333333333333335555
22222222222222222223333333333335777
22222222222222222223333333333355577
22222222222222222223333333333555557
22222222222222222223333333335555555
222222222222222222233333333377777
222222222222222222233333333557777
222222222222222222233333335555777
222222222222222222233333355555577
222222222222222222233333555555557
2222222222222222222333335777777
222222222222222222233335555555555
2222222222222222222333355577777
2222222222222222222333555557777
2222222222222222222335555555777
22222222222222222223377777777
2222222222222222222355555555577
22222222222222222223557777777
2222222222222222222555555555557
22222222222222222225555777777
22222222222222222233333333333333333337
22222222222222222233333333333333333355
222222222222222222333333333333333577
222222222222222222333333333333335557
222222222222222222333333333333355555
2222222222222222223333333333337777
2222222222222222223333333333355777
2222222222222222223333333333555577
2222222222222222223333333335555557
2222222222222222223333333355555555
22222222222222222233333333577777
22222222222222222233333335557777
22222222222222222233333355555777
22222222222222222233333555555577
222222222222222222333337777777
22222222222222222233335555555557
222222222222222222333355777777
22222222222222222233355555555555
222222222222222222333555577777
222222222222222222335555557777
222222222222222222355555555777
2222222222222222223577777777
222222222222222222555555555577
2222222222222222225557777777
222222222222222223333333333333333333333
2222222222222222233333333333333333357
2222222222222222233333333333333333555
22222222222222222333333333333333777
22222222222222222333333333333335577
22222222222222222333333333333355557
22222222222222222333333333333555555
222222222222222223333333333357777
222222222222222223333333333555777
222222222222222223333333335555577
222222222222222223333333355555557
2222222222222222233333333777777
222222222222222223333333555555555
2222222222222222233333335577777
2222222222222222233333355557777
2222222222222222233333555555777
2222222222222222233335555555577
22222222222222222333357777777
2222222222222222233355555555557
22222222222222222333555777777
2222222222222222233555555555555
22222222222222222335555577777
22222222222222222355555557777
222222222222222223777777777
22222222222222222555555555777
222222222222222225577777777
22222222222222223333333333333333333335
222222222222222233333333333333333377
222222222222222233333333333333333557
222222222222222233333333333333335555
2222222222222222333333333333335777
2222222222222222333333333333355577
2222222222222222333333333333555557
2222222222222222333333333335555555
22222222222222223333333333377777
22222222222222223333333333557777
22222222222222223333333335555777
22222222222222223333333355555577
22222222222222223333333555555557
222222222222222233333335777777
22222222222222223333335555555555
222222222222222233333355577777
222222222222222233333555557777
222222222222222233335555555777
2222222222222222333377777777
222222222222222233355555555577
2222222222222222333557777777
222222222222222233555555555557
2222222222222222335555777777
222222222222222235555555555555
2222222222222222355555577777
2222222222222222555555557777
22222222222222225777777777
2222222222222223333333333333333333337
2222222222222223333333333333333333355
22222222222222233333333333333333577
22222222222222233333333333333335557
22222222222222233333333333333355555
222222222222222333333333333337777
222222222222222333333333333355777
222222222222222333333333333555577
222222222222222333333333335555557
222222222222222333333333355555555
2222222222222223333333333577777
2222222222222223333333335557777
2222222222222223333333355555777
2222222222222223333333555555577
22222222222222233333337777777
2222222222222223333335555555557
22222222222222233333355777777
2222222222222223333355555555555
22222222222222233333555577777
22222222222222233335555557777
22222222222222233355555555777
222222222222222333577777777
22222222222222233555555555577
222222222222222335557777777
22222222222222235555555555557
222222222222222355555777777
22222222222222255555555555555
222222222222222555555577777
2222222222222227777777777
22222222222222333333333333333333333333
222222222222223333333333333333333357
222222222222223333333333333333333555
2222222222222233333333333333333777
2222222222222233333333333333335577
2222222222222233333333333333355557
2222222222222233333333333333555555
22222222222222333333333333357777
22222222222222333333333333555777
22222222222222333333333335555577
22222222222222333333333355555557
222222222222223333333333777777
22222222222222333333333555555555
222222222222223333333335577777
222222222222223333333355557777
222222222222223333333555555777
222222222222223333335555555577
2222222222222233333357777777
222222222222223333355555555557
2222222222222233333555777777
222222222222223333555555555555
2222222222222233335555577777
2222222222222233355555557777
22222222222222333777777777
2222222222222233555555555777
22222222222222335577777777
2222222222222235555555555577
22222222222222355557777777
2222222222222255555555555557
22222222222222555555777777
2222222222222333333333333333333333335
22222222222223333333333333333333377
22222222222223333333333333333333557
22222222222223333333333333333335555
222222222222233333333333333335777
222222222222233333333333333355577
222222222222233333333333333555557
222222222222233333333333335555555
2222222222222333333333333377777
2222222222222333333333333557777
2222222222222333333333335555777
2222222222222333333333355555577
2222222222222333333333555555557
22222222222223333333335777777
2222222222222333333335555555555
22222222222223333333355577777
22222222222223333333555557777
22222222222223333335555555777
222222222222233333377777777
22222222222223333355555555577
222222222222233333557777777
22222222222223333555555555557
222222222222233335555777777
22222222222223335555555555555
222222222222233355555577777
222222222222233555555557777
2222222222222335777777777
222222222222235555555555777
2222222222222355577777777
222222222222255555555555577
2222222222222555557777777
222222222222333333333333333333333337
222222222222333333333333333333333355
2222222222223333333333333333333577
2222222222223333333333333333335557
2222222222223333333333333333355555
22222222222233333333333333337777
22222222222233333333333333355777
22222222222233333333333333555577
22222222222233333333333335555557
22222222222233333333333355555555
222222222222333333333333577777
222222222222333333333335557777
222222222222333333333355555777
222222222222333333333555555577
2222222222223333333337777777
222222222222333333335555555557
2222222222223333333355777777
222222222222333333355555555555
2222222222223333333555577777
2222222222223333335555557777
2222222222223333355555555777
22222222222233333577777777
2222222222223333555555555577
22222222222233335557777777
2222222222223335555555555557
22222222222233355555777777
2222222222223355555555555555
22222222222233555555577777
222222222222337777777777
22222222222235555555557777
222222222222355777777777
22222222222255555555555777
222222222222555577777777
2222222222233333333333333333333333333
22222222222333333333333333333333357
22222222222333333333333333333333555
222222222223333333333333333333777
222222222223333333333333333335577
222222222223333333333333333355557
222222222223333333333333333555555
2222222222233333333333333357777
2222222222233333333333333555777
2222222222233333333333335555577
2222222222233333333333355555557
22222222222333333333333777777
2222222222233333333333555555555
22222222222333333333335577777
22222222222333333333355557777
22222222222333333333555555777
22222222222333333335555555577
222222222223333333357777777
22222222222333333355555555557
222222222223333333555777777
22222222222333333555555555555
222222222223333335555577777
222222222223333355555557777
2222222222233333777777777
222222222223333555555555777
2222222222233335577777777
222222222223335555555555577
2222222222233355557777777
222222222223355555555555557
2222222222233555555777777
222222222223555555555555555
2222222222235555555577777
22222222222357777777777
2222222222255555555557777
22222222222555777777777
222222222233333333333333333333333335
2222222222333333333333333333333377
2222222222333333333333333333333557
2222222222333333333333333333335555
22222222223333333333333333335777
22222222223333333333333333355577
22222222223333333333333333555557
22222222223333333333333335555555
222222222233333333333333377777
222222222233333333333333557777
222222222233333333333335555777
222222222233333333333355555577
222222222233333333333555555557
2222222222333333333335777777
222222222233333333335555555555
2222222222333333333355577777
2222222222333333333555557777
2222222222333333335555555777
22222222223333333377777777
2222222222333333355555555577
22222222223333333557777777
2222222222333333555555555557
22222222223333335555777777
2222222222333335555555555555
22222222223333355555577777
22222222223333555555557777
222222222233335777777777
22222222223335555555555777
222222222233355577777777
22222222223355555555555577
222222222233555557777777
22222222223555555555555557
222222222235555555777777
2222222222377777777777
22222222225555555555555555
222222222255555555577777
2222222222557777777777
22222222233333333333333333333333337
22222222233333333333333333333333355
222222222333333333333333333333577
222222222333333333333333333335557
222222222333333333333333333355555
2222222223333333333333333337777
2222222223333333333333333355777
2222222223333333333333333555577
2222222223333333333333335555557
2222222223333333333333355555555
22222222233333333333333577777
22222222233333333333335557777
22222222233333333333355555777
22222222233333333333555555577
222222222333333333337777777
22222222233333333335555555557
222222222333333333355777777
22222222233333333355555555555
222222222333333333555577777
222222222333333335555557777
222222222333333355555555777
2222222223333333577777777
222222222333333555555555577
2222222223333335557777777
222222222333335555555555557
2222222223333355555777777
222222222333355555555555555
2222222223333555555577777
22222222233337777777777
2222222223335555555557777
22222222233355777777777
2222222223355555555555777
22222222233555577777777
2222222223555555555555577
22222222235555557777777
2222222225555555555555557
22222222255555555777777
222222222577777777777
222222223333333333333333333333333333
2222222233333333333333333333333357
2222222233333333333333333333333555
22222222333333333333333333333777
22222222333333333333333333335577
22222222333333333333333333355557
22222222333333333333333333555555
222222223333333333333333357777
222222223333333333333333555777
222222223333333333333335555577
222222223333333333333355555557
2222222233333333333333777777
222222223333333333333555555555
2222222233333333333335577777
2222222233333333333355557777
2222222233333333333555555777
2222222233333333335555555577
22222222333333333357777777
2222222233333333355555555557
22222222333333333555777777
2222222233333333555555555555
22222222333333335555577777
22222222333333355555557777
222222223333333777777777
22222222333333555555555777
222222223333335577777777
22222222333335555555555577
222222223333355557777777
22222222333355555555555557
222222223333555555777777
22222222333555555555555555
222222223335555555577777
2222222233357777777777
222222223355555555557777
2222222233555777777777
222222223555555555555777
2222222235555577777777
222222225555555555555577
2222222255555557777777
22222222777777777777
22222223333333333333333333333333335
222222233333333333333333333333377
222222233333333333333333333333557
222222233333333333333333333335555
2222222333333333333333333335777
2222222333333333333333333355577
2222222333333333333333333555557
2222222333333333333333335555555
22222223333333333333333377777
22222223333333333333333557777
22222223333333333333335555777
22222223333333333333355555577
22222223333333333333555555557
222222233333333333335777777
22222223333333333335555555555
222222233333333333355577777
222222233333333333555557777
222222233333333335555555777
2222222333333333377777777
222222233333333355555555577
2222222333333333557777777
222222233333333555555555557
2222222333333335555777777
222222233333335555555555555
2222222333333355555577777
2222222333333555555557777
22222223333335777777777
2222222333335555555555777
22222223333355577777777
2222222333355555555555577
22222223333555557777777
2222222333555555555555557
22222223335555555777777
222222233377777777777
2222222335555555555555555
22222223355555555577777
222222233557777777777
22222223555555555557777
222222235555777777777
22222225555555555555777
222222255555577777777
2222223333333333333333333333333337
2222223333333333333333333333333355
22222233333333333333333333333577
22222233333333333333333333335557
22222233333333333333333333355555
222222333333333333333333337777
222222333333333333333333355777
222222333333333333333333555577
222222333333333333333335555557
222222333333333333333355555555
2222223333333333333333577777
2222223333333333333335557777
2222223333333333333355555777
2222223333333333333555555577
22222233333333333337777777
2222223333333333335555555557
22222233333333333355777777
2222223333333333355555555555
22222233333333333555577777
22222233333333335555557777
22222233333333355555555777
222222333333333577777777
22222233333333555555555577
222222333333335557777777
22222233333335555555555557
222222333333355555777777
22222233333355555555555555
222222333333555555577777
2222223333337777777777
222222333335555555557777
2222223333355777777777
222222333355555555555777
2222223333555577777777
222222333555555555555577
2222223335555557777777
222222335555555555555557
2222223355555555777777
22222233577777777777
222222355555555555555555
2222223555555555577777
22222235557777777777
2222225555555555557777
22222255555777777777
22222333333333333333333333333333333
222223333333333333333333333333357
222223333333333333333333333333555
2222233333333333333333333333777
2222233333333333333333333335577
2222233333333333333333333355557
2222233333333333333333333555555
22222333333333333333333357777
22222333333333333333333555777
22222333333333333333335555577
22222333333333333333355555557
222223333333333333333777777
22222333333333333333555555555
222223333333333333335577777
222223333333333333355557777
222223333333333333555555777
222223333333333335555555577
2222233333333333357777777
222223333333333355555555557
2222233333333333555777777
222223333333333555555555555
2222233333333335555577777
2222233333333355555557777
22222333333333777777777
2222233333333555555555777
22222333333335577777777
2222233333335555555555577
22222333333355557777777
2222233333355555555555557
22222333333555555777777
2222233333555555555555555
22222333335555555577777
222223333357777777777
22222333355555555557777
222223333555777777777
22222333555555555555777
222223335555577777777
22222335555555555555577
222223355555557777777
2222233777777777777
22222355555555555555557
222223555555555777777
2222235577777777777
22222555555555555555555
222225555555555577777
2222255557777777777
2222333333333333333333333333333335
22223333333333333333333333333377
22223333333333333333333333333557
22223333333333333333333333335555
222233333333333333333333335777
222233333333333333333333355577
222233333333333333333333555557
222233333333333333333335555555
2222333333333333333333377777
2222333333333333333333557777
2222333333333333333335555777
2222333333333333333355555577
2222333333333333333555555557
22223333333333333335777777
2222333333333333335555555555
22223333333333333355577777
22223333333333333555557777
22223333333333335555555777
222233333333333377777777
22223333333333355555555577
222233333333333557777777
22223333333333555555555557
222233333333335555777777
22223333333335555555555555
222233333333355555577777
222233333333555555557777
2222333333335777777777
222233333335555555555777
2222333333355577777777
222233333355555555555577
2222333333555557777777
222233333555555555555557
2222333335555555777777
22223333377777777777
222233335555555555555555
2222333355555555577777
22223333557777777777
2222333555555555557777
22223335555777777777
2222335555555555555777
22223355555577777777
2222355555555555555577
22223555555557777777
222235777777777777
2222555555555555555557
22225555555555777777
222255577777777777
222333333333333333333333333333337
222333333333333333333333333333355
2223333333333333333333333333577
2223333333333333333333333335557
2223333333333333333333333355555
22233333333333333333333337777
22233333333333333333333355777
22233333333333333333333555577
22233333333333333333335555557
22233333333333333333355555555
222333333333333333333577777
222333333333333333335557777
222333333333333333355555777
222333333333333333555555577
2223333333333333337777777
222333333333333335555555557
2223333333333333355777777
222333333333333355555555555
2223333333333333555577777
2223333333333335555557777
2223333333333355555555777
22233333333333577777777
2223333333333555555555577
22233333333335557777777
2223333333335555555555557
22233333333355555777777
2223333333355555555555555
22233333333555555577777
222333333337777777777
22233333335555555557777
222333333355777777777
22233333355555555555777
222333333555577777777
22233333555555555555577
222333335555557777777
22233335555555555555557
222333355555555777777
2223333577777777777
22233355555555555555555
222333555555555577777
2223335557777777777
222335555555555557777
2223355555777777777
222355555555555555777
2223555555577777777
22237777777777777
222555555555555555577
2225555555557777777
22255777777777777
2233333333333333333333333333333333
22333333333333333333333333333357
22333333333333333333333333333555
223333333333333333333333333777
223333333333333333333333335577
223333333333333333333333355557
223333333333333333333333555555
2233333333333333333333357777
2233333333333333333333555777
2233333333333333333335555577
2233333333333333333355555557
22333333333333333333777777
2233333333333333333555555555
22333333333333333335577777
22333333333333333355557777
22333333333333333555555777
22333333333333335555555577
223333333333333357777777
22333333333333355555555557
223333333333333555777777
22333333333333555555555555
223333333333335555577777
223333333333355555557777
2233333333333777777777
223333333333555555555777
2233333333335577777777
223333333335555555555577
2233333333355557777777
223333333355555555555557
2233333333555555777777
223333333555555555555555
2233333335555555577777
22333333357777777777
2233333355555555557777
22333333555777777777
2233333555555555555777
22333335555577777777
2233335555555555555577
22333355555557777777
223333777777777777
2233355555555555555557
22333555555555777777
223335577777777777
2233555555555555555555
22335555555555577777
223355557777777777
22355555555555557777
223555555777777777
22555555555555555777
225555555577777777
2257777777777777
233333333333333333333333333333335
2333333333333333333333333333377
2333333333333333333333333333557
2333333333333333333333333335555
23333333333333333333333335777
23333333333333333333333355577
23333333333333333333333555557
23333333333333333333335555555
233333333333333333333377777
233333333333333333333557777
233333333333333333335555777
233333333333333333355555577
233333333333333333555555557
2333333333333333335777777
233333333333333335555555555
2333333333333333355577777
2333333333333333555557777
2333333333333335555555777
23333333333333377777777
2333333333333355555555577
23333333333333557777777
2333333333333555555555557
23333333333335555777777
2333333333335555555555555
23333333333355555577777
23333333333555555557777
233333333335777777777
23333333335555555555777
233333333355577777777
23333333355555555555577
233333333555557777777
23333333555555555555557
233333335555555777777
2333333377777777777
23333335555555555555555
233333355555555577777
2333333557777777777
233333555555555557777
2333335555777777777
233335555555555555777
2333355555577777777
233355555555555555577
2333555555557777777
23335777777777777
233555555555555555557
2335555555555777777
23355577777777777
235555555555555555555
2355555555555577777
23555557777777777
2555555555555557777
25555555777777777
277777777777777
33333333333333333333333333333337
33333333333333333333333333333355
333333333333333333333333333577
333333333333333333333333335557
333333333333333333333333355555
3333333333333333333333337777
3333333333333333333333355777
3333333333333333333333555577
3333333333333333333335555557
3333333333333333333355555555
33333333333333333333577777
33333333333333333335557777
33333333333333333355555777
33333333333333333555555577
333333333333333337777777
33333333333333335555555557
333333333333333355777777
33333333333333355555555555
333333333333333555577777
333333333333335555557777
333333333333355555555777
3333333333333577777777
333333333333555555555577
3333333333335557777777
333333333335555555555557
3333333333355555777777
333333333355555555555555
3333333333555555577777
33333333337777777777
3333333335555555557777
33333333355777777777
3333333355555555555777
33333333555577777777
3333333555555555555577
33333335555557777777
3333335555555555555557
33333355555555777777
333333577777777777
3333355555555555555555
33333555555555577777
333335557777777777
33335555555555557777
333355555777777777
33355555555555555777
333555555577777777
3337777777777777
33555555555555555577
335555555557777777
3355777777777777
35555555555555555557
355555555555777777
3555577777777777
55555555555555555555
555555555555577777
5555557777777777
1012
